# Resultados do Estado Estacionário - Reator Van der Vusse
# Parâmetros:
# Ca_in = 0.05 mol/L
# Q = 250.0 L/min
# V = 1000.0 L
# tau = 4.0 min
# k1 = 0.5 min⁻¹
# k2 = 0.2 min⁻¹
# k3 = 0.2 min⁻¹·L·mol⁻¹
#
# Concentrações em estado estacionário:
CA_ss = 0.016521 # mol/L
CB_ss = 0.018357 # mol/L
CC_ss = 0.014685 # mol/L
CD_ss = 0.000218 # mol/L
XA_ss = 0.669578 # conversão
#
# Análise de sensibilidade:
tau_min CA CB CC CD XA
0.5000 0.039747 0.009033 0.000903 0.000158 0.205055
0.5960 0.038253 0.010185 0.001214 0.000174 0.234947
0.6919 0.036869 0.011205 0.001551 0.000188 0.262626
0.7879 0.035583 0.012110 0.001908 0.000200 0.288334
0.8838 0.034386 0.012913 0.002283 0.000209 0.312278
0.9798 0.033268 0.013628 0.002670 0.000217 0.334636
1.0758 0.032222 0.014263 0.003069 0.000223 0.355564
1.1717 0.031240 0.014828 0.003475 0.000229 0.375195
1.2677 0.030318 0.015330 0.003887 0.000233 0.393650
1.3636 0.029448 0.015776 0.004303 0.000237 0.411031
1.4596 0.028628 0.016172 0.004721 0.000239 0.427430
1.5556 0.027853 0.016523 0.005141 0.000241 0.442931
1.6515 0.027120 0.016834 0.005560 0.000243 0.457604
1.7475 0.026424 0.017108 0.005979 0.000244 0.471517
1.8434 0.025764 0.017350 0.006397 0.000245 0.484726
1.9394 0.025136 0.017562 0.006812 0.000245 0.497284
2.0354 0.024538 0.017747 0.007224 0.000245 0.509240
2.1313 0.023968 0.017908 0.007634 0.000245 0.520634
2.2273 0.023425 0.018047 0.008039 0.000244 0.531507
2.3232 0.022905 0.018166 0.008441 0.000244 0.541894
2.4192 0.022409 0.018267 0.008838 0.000243 0.551827
2.5152 0.021933 0.018351 0.009231 0.000242 0.561335
2.6111 0.021478 0.018421 0.009620 0.000241 0.570445
2.7071 0.021041 0.018476 0.010003 0.000240 0.579181
2.8030 0.020622 0.018519 0.010382 0.000238 0.587567
2.8990 0.020219 0.018551 0.010756 0.000237 0.595623
2.9949 0.019832 0.018573 0.011125 0.000236 0.603369
3.0909 0.019459 0.018584 0.011489 0.000234 0.610821
3.1869 0.019100 0.018588 0.011847 0.000233 0.617997
3.2828 0.018754 0.018583 0.012201 0.000231 0.624912
3.3788 0.018421 0.018571 0.012549 0.000229 0.631580
3.4747 0.018099 0.018552 0.012893 0.000228 0.638013
3.5707 0.017789 0.018528 0.013231 0.000226 0.644224
3.6667 0.017489 0.018498 0.013565 0.000224 0.650225
3.7626 0.017199 0.018463 0.013894 0.000223 0.656026
3.8586 0.016918 0.018423 0.014217 0.000221 0.661637
3.9545 0.016647 0.018379 0.014536 0.000219 0.667067
4.0505 0.016384 0.018331 0.014850 0.000217 0.672324
4.1465 0.016129 0.018280 0.015159 0.000216 0.677418
4.2424 0.015882 0.018226 0.015464 0.000214 0.682355
4.3384 0.015643 0.018168 0.015764 0.000212 0.687142
4.4343 0.015411 0.018108 0.016060 0.000211 0.691787
4.5303 0.015185 0.018046 0.016351 0.000209 0.696295
4.6263 0.014966 0.017982 0.016638 0.000207 0.700673
4.7222 0.014754 0.017915 0.016920 0.000206 0.704926
4.8182 0.014547 0.017847 0.017198 0.000204 0.709059
4.9141 0.014346 0.017777 0.017472 0.000202 0.713078
5.0101 0.014151 0.017706 0.017742 0.000201 0.716987
5.1061 0.013960 0.017634 0.018008 0.000199 0.720791
5.2020 0.013775 0.017560 0.018270 0.000197 0.724493
5.2980 0.013595 0.017486 0.018528 0.000196 0.728098
5.3939 0.013419 0.017410 0.018782 0.000194 0.731610
5.4899 0.013248 0.017334 0.019032 0.000193 0.735032
5.5859 0.013082 0.017257 0.019279 0.000191 0.738368
5.6818 0.012919 0.017180 0.019522 0.000190 0.741620
5.7778 0.012760 0.017102 0.019762 0.000188 0.744792
5.8737 0.012606 0.017023 0.019998 0.000187 0.747888
5.9697 0.012455 0.016944 0.020231 0.000185 0.750908
6.0657 0.012307 0.016865 0.020460 0.000184 0.753858
6.1616 0.012163 0.016786 0.020686 0.000182 0.756738
6.2576 0.012022 0.016707 0.020909 0.000181 0.759551
6.3535 0.011885 0.016627 0.021129 0.000179 0.762299
6.4495 0.011751 0.016548 0.021345 0.000178 0.764986
6.5455 0.011619 0.016468 0.021559 0.000177 0.767612
6.6414 0.011491 0.016389 0.021769 0.000175 0.770180
6.7374 0.011365 0.016310 0.021977 0.000174 0.772692
6.8333 0.011243 0.016230 0.022182 0.000173 0.775149
6.9293 0.011122 0.016151 0.022383 0.000171 0.777554
7.0253 0.011005 0.016072 0.022583 0.000170 0.779908
7.1212 0.010889 0.015994 0.022779 0.000169 0.782212
7.2172 0.010777 0.015915 0.022973 0.000168 0.784469
7.3131 0.010666 0.015837 0.023164 0.000166 0.786679
7.4091 0.010558 0.015759 0.023352 0.000165 0.788844
7.5051 0.010452 0.015682 0.023539 0.000164 0.790966
7.6010 0.010348 0.015605 0.023722 0.000163 0.793045
7.6970 0.010246 0.015528 0.023903 0.000162 0.795083
7.7929 0.010146 0.015451 0.024082 0.000160 0.797082
7.8889 0.010048 0.015375 0.024258 0.000159 0.799041
7.9848 0.009952 0.015299 0.024433 0.000158 0.800964
8.0808 0.009858 0.015224 0.024604 0.000157 0.802849
8.1768 0.009765 0.015149 0.024774 0.000156 0.804700
8.2727 0.009674 0.015075 0.024942 0.000155 0.806516
8.3687 0.009585 0.015000 0.025107 0.000154 0.808298
8.4646 0.009498 0.014927 0.025270 0.000153 0.810048
8.5606 0.009412 0.014854 0.025431 0.000152 0.811766
8.6566 0.009327 0.014781 0.025590 0.000151 0.813453
8.7525 0.009244 0.014709 0.025748 0.000150 0.815110
8.8485 0.009163 0.014637 0.025903 0.000149 0.816738
8.9444 0.009083 0.014566 0.026056 0.000148 0.818338
9.0404 0.009005 0.014495 0.026208 0.000147 0.819910
9.1364 0.008927 0.014424 0.026357 0.000146 0.821454
9.2323 0.008851 0.014354 0.026505 0.000145 0.822973
9.3283 0.008777 0.014285 0.026651 0.000144 0.824466
9.4242 0.008703 0.014216 0.026795 0.000143 0.825933
9.5202 0.008631 0.014148 0.026938 0.000142 0.827377
9.6162 0.008560 0.014080 0.027078 0.000141 0.828797
9.7121 0.008490 0.014012 0.027217 0.000140 0.830193
9.8081 0.008422 0.013945 0.027355 0.000139 0.831567
9.9040 0.008354 0.013879 0.027491 0.000138 0.832919
10.0000 0.008288 0.013813 0.027625 0.000137 0.834249
