tempo_min h_m xA xB xC
0.000000 0.354762 0.250000 0.250000 0.500000
0.301508 0.359954 0.255421 0.253976 0.490603
0.603015 0.365017 0.260410 0.257634 0.481956
0.904523 0.369955 0.265008 0.261006 0.473986
1.206030 0.374773 0.269254 0.264120 0.466626
1.507538 0.379473 0.273181 0.267000 0.459819
1.809045 0.384059 0.276818 0.269667 0.453515
2.110553 0.388536 0.280192 0.272141 0.447667
2.412060 0.392905 0.283325 0.274438 0.442237
2.713568 0.397171 0.286238 0.276575 0.437187
3.015075 0.401335 0.288951 0.278564 0.432486
3.316583 0.405402 0.291479 0.280418 0.428104
3.618090 0.409374 0.293837 0.282147 0.424015
3.919598 0.413253 0.296040 0.283763 0.420197
4.221106 0.417042 0.298100 0.285273 0.416627
4.522613 0.420744 0.300027 0.286687 0.413286
4.824121 0.424361 0.301833 0.288011 0.410157
5.125628 0.427894 0.303525 0.289252 0.407224
5.427136 0.431348 0.305112 0.290416 0.404472
5.728643 0.434723 0.306603 0.291509 0.401889
6.030151 0.438022 0.308003 0.292536 0.399461
6.331658 0.441246 0.309320 0.293501 0.397179
6.633166 0.444399 0.310559 0.294410 0.395032
6.934673 0.447480 0.311725 0.295265 0.393010
7.236181 0.450493 0.312824 0.296071 0.391106
7.537688 0.453439 0.313859 0.296830 0.389310
7.839196 0.456320 0.314836 0.297547 0.387617
8.140704 0.459137 0.315758 0.298223 0.386019
8.442211 0.461893 0.316628 0.298861 0.384511
8.743719 0.464588 0.317451 0.299464 0.383085
9.045226 0.467224 0.318228 0.300034 0.381738
9.346734 0.469802 0.318963 0.300573 0.380465
9.648241 0.472324 0.319658 0.301083 0.379260
9.949749 0.474792 0.320316 0.301565 0.378119
10.251256 0.477206 0.320939 0.302022 0.377039
10.552764 0.479568 0.321529 0.302455 0.376016
10.854271 0.481879 0.322088 0.302865 0.375047
11.155779 0.484141 0.322619 0.303254 0.374128
11.457286 0.486354 0.323121 0.303622 0.373256
11.758794 0.488520 0.323598 0.303972 0.372429
12.060302 0.490639 0.324051 0.304304 0.371645
12.361809 0.492714 0.324481 0.304619 0.370900
12.663317 0.494744 0.324889 0.304919 0.370192
12.964824 0.496731 0.325277 0.305203 0.369520
13.266332 0.498676 0.325645 0.305473 0.368882
13.567839 0.500581 0.325995 0.305730 0.368275
13.869347 0.502445 0.326328 0.305974 0.367698
14.170854 0.504269 0.326645 0.306206 0.367149
14.472362 0.506056 0.326946 0.306427 0.366626
14.773869 0.507805 0.327233 0.306638 0.366130
15.075377 0.509517 0.327506 0.306838 0.365657
15.376884 0.511194 0.327766 0.307028 0.365206
15.678392 0.512835 0.328013 0.307210 0.364777
15.979899 0.514443 0.328249 0.307382 0.364369
16.281407 0.516017 0.328473 0.307547 0.363980
16.582915 0.517558 0.328687 0.307704 0.363609
16.884422 0.519067 0.328891 0.307853 0.363256
17.185930 0.520545 0.329085 0.307996 0.362919
17.487437 0.521993 0.329271 0.308132 0.362597
17.788945 0.523410 0.329448 0.308262 0.362291
18.090452 0.524799 0.329616 0.308385 0.361999
18.391960 0.526158 0.329777 0.308503 0.361720
18.693467 0.527490 0.329931 0.308616 0.361453
18.994975 0.528795 0.330077 0.308723 0.361199
19.296482 0.530072 0.330217 0.308826 0.360957
19.597990 0.531324 0.330351 0.308924 0.360726
19.899497 0.532550 0.330478 0.309017 0.360504
20.201005 0.533751 0.330600 0.309107 0.360293
20.502513 0.534927 0.330716 0.309192 0.360092
20.804020 0.536079 0.330828 0.309274 0.359899
21.105528 0.537208 0.330934 0.309351 0.359715
21.407035 0.538314 0.331035 0.309426 0.359539
21.708543 0.539397 0.331132 0.309497 0.359371
22.010050 0.540459 0.331225 0.309565 0.359210
22.311558 0.541498 0.331314 0.309630 0.359056
22.613065 0.542517 0.331398 0.309692 0.358910
22.914573 0.543515 0.331479 0.309752 0.358769
23.216080 0.544493 0.331557 0.309808 0.358635
23.517588 0.545451 0.331631 0.309863 0.358506
23.819095 0.546390 0.331702 0.309915 0.358383
24.120603 0.547310 0.331770 0.309965 0.358266
24.422111 0.548211 0.331835 0.310012 0.358153
24.723618 0.549094 0.331897 0.310058 0.358045
25.025126 0.549959 0.331956 0.310101 0.357942
25.326633 0.550807 0.332013 0.310143 0.357844
25.628141 0.551638 0.332068 0.310183 0.357749
25.929648 0.552452 0.332120 0.310221 0.357659
26.231156 0.553250 0.332170 0.310258 0.357572
26.532663 0.554032 0.332218 0.310293 0.357489
26.834171 0.554798 0.332263 0.310326 0.357410
27.135678 0.555548 0.332307 0.310359 0.357334
27.437186 0.556284 0.332349 0.310389 0.357261
27.738693 0.557005 0.332389 0.310419 0.357192
28.040201 0.557712 0.332428 0.310447 0.357125
28.341709 0.558404 0.332465 0.310474 0.357061
28.643216 0.559083 0.332500 0.310500 0.357000
28.944724 0.559748 0.332534 0.310525 0.356941
29.246231 0.560400 0.332567 0.310549 0.356885
29.547739 0.561038 0.332598 0.310572 0.356831
29.849246 0.561665 0.332627 0.310593 0.356779
30.150754 0.562278 0.332656 0.310614 0.356729
30.452261 0.562880 0.332683 0.310635 0.356682
30.753769 0.563469 0.332710 0.310654 0.356637
31.055276 0.564047 0.332735 0.310672 0.356593
31.356784 0.564613 0.332759 0.310690 0.356551
31.658291 0.565168 0.332782 0.310707 0.356511
31.959799 0.565712 0.332804 0.310723 0.356473
32.261307 0.566245 0.332826 0.310739 0.356436
32.562814 0.566768 0.332846 0.310754 0.356400
32.864322 0.567280 0.332866 0.310768 0.356366
33.165829 0.567782 0.332884 0.310782 0.356334
33.467337 0.568274 0.332902 0.310795 0.356303
33.768844 0.568757 0.332920 0.310808 0.356273
34.070352 0.569230 0.332936 0.310820 0.356244
34.371859 0.569693 0.332952 0.310831 0.356217
34.673367 0.570147 0.332967 0.310843 0.356190
34.974874 0.570593 0.332982 0.310853 0.356165
35.276382 0.571029 0.332996 0.310864 0.356141
35.577889 0.571457 0.333009 0.310873 0.356117
35.879397 0.571877 0.333022 0.310883 0.356095
36.180905 0.572288 0.333035 0.310892 0.356074
36.482412 0.572691 0.333046 0.310901 0.356053
36.783920 0.573086 0.333058 0.310909 0.356033
37.085427 0.573474 0.333069 0.310917 0.356014
37.386935 0.573853 0.333079 0.310925 0.355996
37.688442 0.574225 0.333089 0.310932 0.355979
37.989950 0.574590 0.333099 0.310939 0.355962
38.291457 0.574948 0.333108 0.310946 0.355946
38.592965 0.575299 0.333117 0.310953 0.355930
38.894472 0.575643 0.333126 0.310959 0.355915
39.195980 0.575980 0.333134 0.310965 0.355901
39.497487 0.576310 0.333142 0.310971 0.355888
39.798995 0.576634 0.333149 0.310976 0.355874
40.100503 0.576951 0.333157 0.310982 0.355862
40.402010 0.577263 0.333164 0.310987 0.355850
40.703518 0.577568 0.333170 0.310992 0.355838
41.005025 0.577867 0.333177 0.310996 0.355827
41.306533 0.578160 0.333183 0.311001 0.355816
41.608040 0.578448 0.333189 0.311005 0.355806
41.909548 0.578730 0.333194 0.311009 0.355796
42.211055 0.579006 0.333200 0.311013 0.355787
42.512563 0.579277 0.333205 0.311017 0.355778
42.814070 0.579543 0.333210 0.311021 0.355769
43.115578 0.579803 0.333215 0.311024 0.355761
43.417085 0.580058 0.333220 0.311028 0.355753
43.718593 0.580309 0.333224 0.311031 0.355745
44.020101 0.580554 0.333228 0.311034 0.355737
44.321608 0.580795 0.333233 0.311037 0.355730
44.623116 0.581031 0.333236 0.311040 0.355723
44.924623 0.581262 0.333240 0.311043 0.355717
45.226131 0.581489 0.333244 0.311046 0.355711
45.527638 0.581711 0.333247 0.311048 0.355704
45.829146 0.581929 0.333251 0.311051 0.355699
46.130653 0.582142 0.333254 0.311053 0.355693
46.432161 0.582352 0.333257 0.311055 0.355688
46.733668 0.582557 0.333260 0.311057 0.355683
47.035176 0.582759 0.333263 0.311059 0.355678
47.336683 0.582956 0.333266 0.311062 0.355673
47.638191 0.583150 0.333268 0.311063 0.355668
47.939698 0.583340 0.333271 0.311065 0.355664
48.241206 0.583526 0.333273 0.311067 0.355660
48.542714 0.583708 0.333276 0.311069 0.355656
48.844221 0.583887 0.333278 0.311070 0.355652
49.145729 0.584062 0.333280 0.311072 0.355648
49.447236 0.584234 0.333282 0.311074 0.355644
49.748744 0.584403 0.333284 0.311075 0.355641
50.050251 0.584568 0.333286 0.311076 0.355638
50.351759 0.584730 0.333288 0.311078 0.355634
50.653266 0.584889 0.333290 0.311079 0.355631
50.954774 0.585045 0.333291 0.311080 0.355628
51.256281 0.585198 0.333293 0.311082 0.355625
51.557789 0.585348 0.333295 0.311083 0.355623
51.859296 0.585495 0.333296 0.311084 0.355620
52.160804 0.585639 0.333298 0.311085 0.355618
52.462312 0.585780 0.333299 0.311086 0.355615
52.763819 0.585918 0.333300 0.311087 0.355613
53.065327 0.586054 0.333302 0.311088 0.355611
53.366834 0.586187 0.333303 0.311089 0.355609
53.668342 0.586318 0.333304 0.311090 0.355606
53.969849 0.586446 0.333305 0.311090 0.355605
54.271357 0.586571 0.333306 0.311091 0.355603
54.572864 0.586694 0.333307 0.311092 0.355601
54.874372 0.586815 0.333308 0.311093 0.355599
55.175879 0.586933 0.333309 0.311093 0.355597
55.477387 0.587049 0.333310 0.311094 0.355596
55.778894 0.587163 0.333311 0.311095 0.355594
56.080402 0.587274 0.333312 0.311095 0.355593
56.381910 0.587384 0.333313 0.311096 0.355591
56.683417 0.587491 0.333314 0.311097 0.355590
56.984925 0.587596 0.333314 0.311097 0.355589
57.286432 0.587699 0.333315 0.311098 0.355587
57.587940 0.587800 0.333316 0.311098 0.355586
57.889447 0.587899 0.333316 0.311099 0.355585
58.190955 0.587996 0.333317 0.311099 0.355584
58.492462 0.588092 0.333318 0.311100 0.355583
58.793970 0.588185 0.333318 0.311100 0.355582
59.095477 0.588277 0.333319 0.311101 0.355581
59.396985 0.588366 0.333319 0.311101 0.355580
59.698492 0.588454 0.333320 0.311101 0.355579
60.000000 0.588541 0.333321 0.311102 0.355578
